#AFS File: FITTING MODEL INFORMATION
#AFS Library Version: 3.00

GLOBAL CONVERGENCE : 1
FIT TYPE : 5
DATA TYPE : 2
MAXIMUM DERIVATIVE ORDER : 0
MAXIMUM BLOCK SIZE : 24

MINIMUM FREQUENCY SPACING : 3.000000e+001

NUMBER OF DATA ROWS : 2
NUMBER OF DATA COLUMNS : -2

NUMBER OF FREQUENCY BLOCKS : 1

- FREQUENCY BLOCK 1
 blackout : 0
 convergence : 1
 frequency block : 1.000000e+008 (0) - 3.000000e+009 (3)
 normalization factor : 5.477226e+008

 - BEST RATIONAL FIT: S[1,1] 
  convergence : 1
  numerator/denominator : 3 / 4
SER Version: 1.00
SER Model: S

FREQUENCY
 MIN : 1.00000000000000e+008 
 MAX : 3.00000000000000e+009
 SCALE : 5.47722557505166e+008
NR_OF_ELEMENTS : 1
 ELEMENT[0] : 1
NR_OF_PORTS : 1
 PORT[1] : 5.00000000000000e+001 +i 0.00000000000000e+000
NR_OF_POLESETS : 1
 ZEROS_POLES[0] : 3 / 4
STATE_EQUATIONS
 SER_A[0][0] : -7.4495958751814527e+001 +i 0.0000000000000000e+000 (0)
 SER_A[0][1] : -1.2727916802277311e+002 +i 0.0000000000000000e+000 (0)
 SER_A[0][2] : 9.0519051224391163e+000 +i 6.9415229143389672e+000 (1)
 SER_A[0][3] : 9.0519051224391163e+000 +i -6.9415229143389672e+000 (2)
 SER_C[0][0] : -1.4851494421644131e+002 +i 0.0000000000000000e+000
 SER_C[0][1] : 2.5368730728655146e+002 +i 0.0000000000000000e+000
 SER_C[0][2] : -6.6983189678659905e-003 +i 2.9408742940866262e-003
 SER_C[0][3] : -6.6983189678659905e-003 +i -2.9408742940866262e-003
 SER_D[0] : 0.0000000000000000e+000
 SER_E[0] : 0.0000000000000000e+000
CONVERGENCE : 0
 ERROR[0] : 7.4198519984887410e-015

 - BEST RATIONAL FIT: S[2,1] 
  convergence : 1
  numerator/denominator : 3 / 4
SER Version: 1.00
SER Model: S

FREQUENCY
 MIN : 1.00000000000000e+008 
 MAX : 3.00000000000000e+009
 SCALE : 5.47722557505166e+008
NR_OF_ELEMENTS : 1
 ELEMENT[0] : 1
NR_OF_PORTS : 1
 PORT[1] : 5.00000000000000e+001 +i 0.00000000000000e+000
NR_OF_POLESETS : 1
 ZEROS_POLES[0] : 3 / 4
STATE_EQUATIONS
 SER_A[0][0] : -1.2128440518876232e+001 +i 0.0000000000000000e+000 (0)
 SER_A[0][1] : -7.3516462651330528e+001 +i 0.0000000000000000e+000 (0)
 SER_A[0][2] : 1.3111841688349173e+002 +i 0.0000000000000000e+000 (0)
 SER_A[0][3] : 2.8161353079804144e+002 +i 0.0000000000000000e+000 (0)
 SER_C[0][0] : 3.3431829335711649e-002 +i 0.0000000000000000e+000
 SER_C[0][1] : 1.1005493680794041e+002 +i 0.0000000000000000e+000
 SER_C[0][2] : -3.6812130998568136e+001 +i 0.0000000000000000e+000
 SER_C[0][3] : 2.1988087167896271e+002 +i 0.0000000000000000e+000
 SER_D[0] : 0.0000000000000000e+000
 SER_E[0] : 0.0000000000000000e+000
CONVERGENCE : 0
 ERROR[0] : 4.7971612803355686e-016

 - BEST RATIONAL FIT: S[2,2] 
  convergence : 1
  numerator/denominator : 3 / 4
SER Version: 1.00
SER Model: S

FREQUENCY
 MIN : 1.00000000000000e+008 
 MAX : 3.00000000000000e+009
 SCALE : 5.47722557505166e+008
NR_OF_ELEMENTS : 1
 ELEMENT[0] : 1
NR_OF_PORTS : 1
 PORT[1] : 5.00000000000000e+001 +i 0.00000000000000e+000
NR_OF_POLESETS : 1
 ZEROS_POLES[0] : 3 / 4
STATE_EQUATIONS
 SER_A[0][0] : -7.4495684853999393e+001 +i 0.0000000000000000e+000 (0)
 SER_A[0][1] : -1.2727955395314950e+002 +i 0.0000000000000000e+000 (0)
 SER_A[0][2] : 9.0509504020056610e+000 +i 6.9422571143423699e+000 (1)
 SER_A[0][3] : 9.0509504020056610e+000 +i -6.9422571143423699e+000 (2)
 SER_C[0][0] : -1.4851252499228937e+002 +i 0.0000000000000000e+000
 SER_C[0][1] : 2.5368489619648429e+002 +i 0.0000000000000000e+000
 SER_C[0][2] : -6.6965357074502130e-003 +i 2.9391050272171704e-003
 SER_C[0][3] : -6.6965357074502130e-003 +i -2.9391050272171704e-003
 SER_D[0] : 0.0000000000000000e+000
 SER_E[0] : 0.0000000000000000e+000
CONVERGENCE : 0
 ERROR[0] : 4.4037749372534191e-015


