#AFS File: FITTING MODEL INFORMATION
#AFS Library Version: 3.00

GLOBAL CONVERGENCE : 1
FIT TYPE : 5
DATA TYPE : 2
MAXIMUM DERIVATIVE ORDER : 0
MAXIMUM BLOCK SIZE : 24

MINIMUM FREQUENCY SPACING : 3.000000e+001

NUMBER OF DATA ROWS : 2
NUMBER OF DATA COLUMNS : -2

NUMBER OF FREQUENCY BLOCKS : 1

- FREQUENCY BLOCK 1
 blackout : 0
 convergence : 1
 frequency block : 1.000000e+008 (0) - 3.000000e+009 (3)
 normalization factor : 5.477226e+008

 - BEST RATIONAL FIT: S[1,1] 
  convergence : 1
  numerator/denominator : 3 / 4
SER Version: 1.00
SER Model: S

FREQUENCY
 MIN : 1.00000000000000e+008 
 MAX : 3.00000000000000e+009
 SCALE : 5.47722557505166e+008
NR_OF_ELEMENTS : 1
 ELEMENT[0] : 1
NR_OF_PORTS : 1
 PORT[1] : 5.00000000000000e+001 +i 0.00000000000000e+000
NR_OF_POLESETS : 1
 ZEROS_POLES[0] : 3 / 4
STATE_EQUATIONS
 SER_A[0][0] : -2.1235307010792894e+000 +i 0.0000000000000000e+000 (0)
 SER_A[0][1] : -2.3950361569701832e+004 +i 0.0000000000000000e+000 (0)
 SER_A[0][2] : -7.5959274734993556e+001 +i 9.8364593652338339e+000 (1)
 SER_A[0][3] : -7.5959274734993556e+001 +i -9.8364593652338339e+000 (2)
 SER_C[0][0] : -4.1190356377245052e-004 +i 0.0000000000000000e+000
 SER_C[0][1] : 8.0340507054326454e+003 +i 0.0000000000000000e+000
 SER_C[0][2] : 9.7882490951537626e+000 +i 1.7553620911535648e+002
 SER_C[0][3] : 9.7882490951537626e+000 +i -1.7553620911535648e+002
 SER_D[0] : 0.0000000000000000e+000
 SER_E[0] : 0.0000000000000000e+000
CONVERGENCE : 0
 ERROR[0] : 4.8233496079968554e-014

 - BEST RATIONAL FIT: S[2,1] 
  convergence : 1
  numerator/denominator : 3 / 4
SER Version: 1.00
SER Model: S

FREQUENCY
 MIN : 1.00000000000000e+008 
 MAX : 3.00000000000000e+009
 SCALE : 5.47722557505166e+008
NR_OF_ELEMENTS : 1
 ELEMENT[0] : 1
NR_OF_PORTS : 1
 PORT[1] : 5.00000000000000e+001 +i 0.00000000000000e+000
NR_OF_POLESETS : 1
 ZEROS_POLES[0] : 3 / 4
STATE_EQUATIONS
 SER_A[0][0] : -2.9737335801948372e+000 +i 0.0000000000000000e+000 (0)
 SER_A[0][1] : -6.0387183615743098e+001 +i 0.0000000000000000e+000 (0)
 SER_A[0][2] : -5.0022587671802114e+001 +i 1.6633891188672851e+002 (1)
 SER_A[0][3] : -5.0022587671802114e+001 +i -1.6633891188672851e+002 (2)
 SER_C[0][0] : 1.9634539245525495e-003 +i 0.0000000000000000e+000
 SER_C[0][1] : 6.5510859910901914e+001 +i 0.0000000000000000e+000
 SER_C[0][2] : -6.2743658887535794e+001 +i -1.1102011855234373e+001
 SER_C[0][3] : -6.2743658887535794e+001 +i 1.1102011855234373e+001
 SER_D[0] : 0.0000000000000000e+000
 SER_E[0] : 0.0000000000000000e+000
CONVERGENCE : 0
 ERROR[0] : 3.8943800231493355e-015

 - BEST RATIONAL FIT: S[2,2] 
  convergence : 1
  numerator/denominator : 3 / 4
SER Version: 1.00
SER Model: S

FREQUENCY
 MIN : 1.00000000000000e+008 
 MAX : 3.00000000000000e+009
 SCALE : 5.47722557505166e+008
NR_OF_ELEMENTS : 1
 ELEMENT[0] : 1
NR_OF_PORTS : 1
 PORT[1] : 5.00000000000000e+001 +i 0.00000000000000e+000
NR_OF_POLESETS : 1
 ZEROS_POLES[0] : 3 / 4
STATE_EQUATIONS
 SER_A[0][0] : -2.0644791774406031e+000 +i 0.0000000000000000e+000 (0)
 SER_A[0][1] : -6.8890990859216203e+001 +i 0.0000000000000000e+000 (0)
 SER_A[0][2] : -1.0361268231514894e+002 +i 0.0000000000000000e+000 (0)
 SER_A[0][3] : 4.6741632955371426e+002 +i 0.0000000000000000e+000 (0)
 SER_C[0][0] : -3.9626153533955932e-004 +i 0.0000000000000000e+000
 SER_C[0][1] : -1.5052752211356014e+002 +i 0.0000000000000000e+000
 SER_C[0][2] : 2.1433276271078753e+002 +i 0.0000000000000000e+000
 SER_C[0][3] : -5.4541794835887956e+001 +i 0.0000000000000000e+000
 SER_D[0] : 0.0000000000000000e+000
 SER_E[0] : 0.0000000000000000e+000
CONVERGENCE : 0
 ERROR[0] : 9.6539384288367275e-016


