#AFS File: FITTING MODEL INFORMATION
#AFS Library Version: 3.00

GLOBAL CONVERGENCE : 1
FIT TYPE : 5
DATA TYPE : 2
MAXIMUM DERIVATIVE ORDER : 0
MAXIMUM BLOCK SIZE : 24

MINIMUM FREQUENCY SPACING : 3.000000e+001

NUMBER OF DATA ROWS : 2
NUMBER OF DATA COLUMNS : -2

NUMBER OF FREQUENCY BLOCKS : 1

- FREQUENCY BLOCK 1
 blackout : 0
 convergence : 1
 frequency block : 1.000000e+008 (0) - 3.000000e+009 (3)
 normalization factor : 5.477226e+008

 - BEST RATIONAL FIT: S[1,1] 
  convergence : 1
  numerator/denominator : 3 / 4
SER Version: 1.00
SER Model: S

FREQUENCY
 MIN : 1.00000000000000e+008 
 MAX : 3.00000000000000e+009
 SCALE : 5.47722557505166e+008
NR_OF_ELEMENTS : 1
 ELEMENT[0] : 1
NR_OF_PORTS : 1
 PORT[1] : 5.00000000000000e+001 +i 0.00000000000000e+000
NR_OF_POLESETS : 1
 ZEROS_POLES[0] : 3 / 4
STATE_EQUATIONS
 SER_A[0][0] : -2.9831075444837509e+000 +i 0.0000000000000000e+000 (0)
 SER_A[0][1] : -4.4494322510478419e+001 +i 0.0000000000000000e+000 (0)
 SER_A[0][2] : 5.2178751791448910e+001 +i 0.0000000000000000e+000 (0)
 SER_A[0][3] : -1.4652867849293682e+002 +i 0.0000000000000000e+000 (0)
 SER_C[0][0] : -2.1551970634725581e-003 +i 0.0000000000000000e+000
 SER_C[0][1] : -5.6140434295684472e+001 +i 0.0000000000000000e+000
 SER_C[0][2] : -9.8508774012170619e-002 +i 0.0000000000000000e+000
 SER_C[0][3] : 1.8474000098041344e+002 +i 0.0000000000000000e+000
 SER_D[0] : 0.0000000000000000e+000
 SER_E[0] : 0.0000000000000000e+000
CONVERGENCE : 0
 ERROR[0] : 5.3783939046766356e-016

 - BEST RATIONAL FIT: S[2,1] 
  convergence : 1
  numerator/denominator : 3 / 4
SER Version: 1.00
SER Model: S

FREQUENCY
 MIN : 1.00000000000000e+008 
 MAX : 3.00000000000000e+009
 SCALE : 5.47722557505166e+008
NR_OF_ELEMENTS : 1
 ELEMENT[0] : 1
NR_OF_PORTS : 1
 PORT[1] : 5.00000000000000e+001 +i 0.00000000000000e+000
NR_OF_POLESETS : 1
 ZEROS_POLES[0] : 3 / 4
STATE_EQUATIONS
 SER_A[0][0] : -2.7222553138588119e+000 +i 0.0000000000000000e+000 (0)
 SER_A[0][1] : -4.3113051269225387e+001 +i 0.0000000000000000e+000 (0)
 SER_A[0][2] : -2.6417119005419330e+001 +i 1.2942087698741321e+002 (1)
 SER_A[0][3] : -2.6417119005419330e+001 +i -1.2942087698741321e+002 (2)
 SER_C[0][0] : 2.7151770058131859e-003 +i 0.0000000000000000e+000
 SER_C[0][1] : 4.9969839458959697e+001 +i 0.0000000000000000e+000
 SER_C[0][2] : -2.8768753453817261e+001 +i 4.9309146889463662e+000
 SER_C[0][3] : -2.8768753453817261e+001 +i -4.9309146889463662e+000
 SER_D[0] : 0.0000000000000000e+000
 SER_E[0] : 0.0000000000000000e+000
CONVERGENCE : 0
 ERROR[0] : 2.2379949869519492e-016

 - BEST RATIONAL FIT: S[2,2] 
  convergence : 1
  numerator/denominator : 3 / 4
SER Version: 1.00
SER Model: S

FREQUENCY
 MIN : 1.00000000000000e+008 
 MAX : 3.00000000000000e+009
 SCALE : 5.47722557505166e+008
NR_OF_ELEMENTS : 1
 ELEMENT[0] : 1
NR_OF_PORTS : 1
 PORT[1] : 5.00000000000000e+001 +i 0.00000000000000e+000
NR_OF_POLESETS : 1
 ZEROS_POLES[0] : 3 / 4
STATE_EQUATIONS
 SER_A[0][0] : 1.9879291232122966e+000 +i 0.0000000000000000e+000 (0)
 SER_A[0][1] : -1.0263581419680355e+001 +i 0.0000000000000000e+000 (0)
 SER_A[0][2] : -4.6245696383560407e+001 +i 0.0000000000000000e+000 (0)
 SER_A[0][3] : -1.2145092593161559e+002 +i 0.0000000000000000e+000 (0)
 SER_C[0][0] : -4.9526188558079998e-004 +i 0.0000000000000000e+000
 SER_C[0][1] : -2.8780341887657990e-002 +i 0.0000000000000000e+000
 SER_C[0][2] : -6.7899467098958866e+001 +i 0.0000000000000000e+000
 SER_C[0][3] : 1.7866866383715816e+002 +i 0.0000000000000000e+000
 SER_D[0] : 0.0000000000000000e+000
 SER_E[0] : 0.0000000000000000e+000
CONVERGENCE : 0
 ERROR[0] : 8.9239490044225100e-016


